1
1
2
0
(4 0
((0,0) (31,31) (0,0))
((32,0) (63,31) (0,0))
((0,32) (31,63) (0,0))
((32,32) (63,63) (0,0))
)
4
FabOnDisk: Cell_D_00000 0
FabOnDisk: Cell_D_00000 16466
FabOnDisk: Cell_D_00000 32933
FabOnDisk: Cell_D_00000 49400

4,2
3.72378853891516870e-01,1.44463777542114258e-03,
2.23666276973625511e-01,3.99653978236574892e-01,
2.23666276973625511e-01,3.99653978236574892e-01,
1.34215018500244865e-01,6.39178619516727942e-01,

4,2
9.98386049992404878e-01,6.27507811191227338e-01,
6.00212314068621855e-01,7.76233685928700012e-01,
6.00212314068621855e-01,7.76233685928700012e-01,
3.60709089071752920e-01,8.65692943098096634e-01,

